20:13:02 2668929
rb: 0.5032798 0.2184927 -0.1961022



20:13:02 3069524
rb: 0.5032798 0.2184927 -0.1961022



20:13:02 3589943
rb: 0.5032798 0.2184927 -0.1961022



20:13:02 4020277
rb: 0.5032798 0.2184927 -0.1961022



20:13:02 4490404
rb: 0.5032798 0.2184927 -0.1961022
0 0.6320844 -0.03986098 -0.3500948



20:13:02 4990757
rb: 0.5032798 0.2184927 -0.1961022
0 0.5870374 -0.08953142 -0.2955312



20:13:02 5471126
rb: 0.5032798 0.2184927 -0.1961022
0 0.5464265 -0.1323797 -0.2497633



20:13:02 5941905
rb: 0.5032798 0.2184927 -0.1961022
0 0.5112697 -0.1685911 -0.2143258



20:13:02 6392797
rb: 0.5032798 0.2184927 -0.1961022
0 0.4904926 -0.1881291 -0.1896011



20:13:02 6842694
rb: 0.5032798 0.2184927 -0.1961022
0 0.4714059 -0.2048797 -0.1619988
1 0.480648 -0.1979112 -0.1384041



20:13:02 7292971
rb: 0.5032798 0.2184927 -0.1961022
0 0.4593523 -0.2133873 -0.1398127



20:13:02 7793611
rb: 0.5032798 0.2184927 -0.1961022
0 0.4468716 -0.2234882 -0.1137245
1 0.4561776 -0.2161305 -0.09041214



20:13:02 8283804
rb: 0.5032798 0.2184927 -0.1961022
0 0.4355546 -0.2303239 -0.08895099



20:13:02 8735450
rb: 0.5032798 0.2184927 -0.1961022
0 0.4262545 -0.2354083 -0.06817878
1 0.468514 -0.2250865 -0.229369



20:13:02 9201082
rb: 0.5032798 0.2184927 -0.1961022
0 0.4138652 -0.2278366 -0.04004649
1 0.4216163 -0.2178105 -0.01665198



20:13:02 9630826
rb: 0.5032798 0.2184927 -0.1961022
0 0.4032502 -0.2104778 -0.01425093
1 0.4099998 -0.1985126 0.008693
2 0.3940845 -0.224118 -0.06339395



20:13:03 0109902
rb: 0.5032798 0.2184927 -0.1961022
0 0.3943312 -0.1936419 0.0164965
1 0.4003798 -0.180909 0.03908406
2 0.3861405 -0.2089064 -0.03226247
3 0.3749266 -0.2197699 -0.1193396



20:13:03 0621155
rb: 0.5032798 0.2184927 -0.1961022
0 0.3888884 -0.1729848 0.04712516
1 0.3944911 -0.1592306 0.0691974
2 0.3815145 -0.1904645 -0.0007635653
3 0.3721072 -0.2060608 -0.08708075
4 0.3846284 -0.1983786 -0.1332672



20:13:03 1091498
rb: 0.5032798 0.2184927 -0.1961022
0 0.383938 -0.157428 0.07700387
1 0.3893827 -0.1433023 0.098877
2 0.3771487 -0.1759946 0.02961175
3 0.3815805 -0.1890195 -0.1033345
4 0.3683316 -0.1943088 -0.05674484



20:13:03 1510455
rb: 0.3945419 -0.1674203 -0.1082587
0 0.3821641 -0.1446898 0.1009912
1 0.3875677 -0.1303248 0.1225843
2 0.3755259 -0.1640346 0.0540972
3 0.3676214 -0.1846409 -0.03158324



20:13:03 2280845
rb: 0.3920551 -0.1593455 -0.06511
0 0.3789531 -0.1303135 0.1431775
1 0.3844925 -0.1155023 0.1645235
2 0.3722512 -0.1506201 0.09683547
3 0.364704 -0.173969 0.01197057



20:13:03 2951215
rb: 0.3915507 -0.1581396 -0.02340434
0 0.3747509 -0.1264111 0.1848602
1 0.3802237 -0.1117664 0.2061135
2 0.3684935 -0.1464919 0.1392649
3 0.3623486 -0.1706843 0.05471553



20:13:03 3530054
rb: 0.3969118 -0.1614426 0.01782531
0 0.3796656 -0.1302138 0.2251425
1 0.3855288 -0.1163028 0.2467386
2 0.3728938 -0.1487699 0.1785898
3 0.3674366 -0.1730418 0.0949959



20:13:03 4488864
rb: 0.4113489 -0.1658709 0.08548436
0 0.3930939 -0.1391096 0.2945554
1 0.3996048 -0.1273072 0.317143
2 0.3860994 -0.1540383 0.2475997
3 0.3821352 -0.1769968 0.1633577



20:13:03 5410099
rb: 0.4226425 -0.1616612 0.1654294
0 0.4069552 -0.1351488 0.3746116
1 0.4136724 -0.1237103 0.3972543
2 0.3993995 -0.1492131 0.3277343
3 0.3954617 -0.1725392 0.2439108



20:13:03 6444382
rb: 0.4420107 -0.1617892 0.2542997
0 0.4292206 -0.1359438 0.4653333
1 0.4360728 -0.1244281 0.4880108
2 0.4210391 -0.1497186 0.4184313
3 0.4164262 -0.1727079 0.3345036



20:13:03 7175062
rb: 0.4562981 -0.160734 0.3125936
0 0.4468973 -0.1325205 0.5237708
1 0.4540749 -0.1205982 0.5462846
2 0.438439 -0.1470875 0.4773093
3 0.4320599 -0.1708938 0.3936467



20:13:03 7847444
rb: 0.4615093 -0.1625257 0.3668439
0 0.4551331 -0.1369315 0.5782764
1 0.4625717 -0.1252185 0.6008745
2 0.4461687 -0.150959 0.5317283
3 0.4388346 -0.1737536 0.4479357



20:13:03 8594741
rb: 0.4517303 -0.1652246 0.4166548
0 0.447077 -0.1427776 0.6287391
1 0.4545319 -0.1313628 0.6514318
2 0.4379457 -0.1561254 0.581925
3 0.4302113 -0.177487 0.4978244



20:13:03 9162028
rb: 0.4364347 -0.1663402 0.4519335
0 0.4322581 -0.1445004 0.6638256
1 0.4394736 -0.1334395 0.6871988
2 0.4228497 -0.1577838 0.6174047
3 0.4146785 -0.1782552 0.5327155



20:13:03 9782861
rb: 0.4163505 -0.1679824 0.4897449
0 0.4132117 -0.1456891 0.7013093
1 0.4204627 -0.1345795 0.7256173
2 0.4034301 -0.1589884 0.6553749
3 0.3952257 -0.1798559 0.5713136



20:13:04 0433438
rb: 0.3886046 -0.1724094 0.5354221
0 0.3854242 -0.1490749 0.7474876
1 0.392837 -0.1375954 0.7702564
2 0.3759446 -0.1624289 0.7008034
3 0.3672124 -0.1835895 0.6167166



20:13:04 1042802
rb: 0.3608793 -0.1805554 0.5738162
0 0.3599718 -0.1579194 0.7861926
1 0.3676367 -0.1465724 0.8090603
2 0.3499798 -0.171094 0.7395232
3 0.3401237 -0.1917802 0.6553944



20:13:04 1680600
rb: 0.323805 -0.1947228 0.6135992
0 0.3267656 -0.173786 0.8262452
1 0.3341396 -0.162715 0.849026
2 0.3158549 -0.1864441 0.7795596
3 0.304156 -0.2061447 0.6954356



20:13:04 2312226
rb: 0.2861672 -0.2095787 0.644271
0 0.2928129 -0.1893911 0.8557894
1 0.3008162 -0.1781396 0.8787128
2 0.2809474 -0.2018905 0.8100222
3 0.2674662 -0.2209477 0.7258286



20:13:04 2952000
rb: 0.24141 -0.2279403 0.6833079
0 0.2508189 -0.2071011 0.8948022
1 0.2598134 -0.1961714 0.916328
2 0.2382129 -0.2196103 0.8491871
3 0.2235682 -0.2384928 0.7652274



20:13:04 3543330
rb: 0.2039487 -0.2459209 0.7184726
0 0.2156851 -0.2263802 0.9278903
1 0.224434 -0.2153949 0.951175
2 0.2016211 -0.2387488 0.8838425
3 0.1860017 -0.25629 0.8002532



20:13:04 4203919
rb: 0.1647827 -0.2668491 0.7548841
0 0.179787 -0.2509826 0.963829
1 0.1890861 -0.2401376 0.9869901
2 0.1650221 -0.2630384 0.9188036
3 0.1465192 -0.2769998 0.8361385



20:13:04 5254574
rb: 0.1220223 -0.2963147 0.8070477
0 0.1358602 -0.2822374 1.016211
1 0.1452457 -0.2716542 1.039451
2 0.1213276 -0.2937334 0.9709025
3 0.1028937 -0.3065905 0.8880768



20:13:04 5881365
rb: 0.1085861 -0.3109553 0.8326683
0 0.1204697 -0.2976146 1.042028
1 0.129989 -0.2872894 1.065303
2 0.1057177 -0.3085376 0.9967099
3 0.08883303 -0.3211997 0.9130853



20:13:04 6682094
rb: 0.1009651 -0.330595 0.8694474
0 0.1119674 -0.3199122 1.078559
1 0.1217394 -0.3099609 1.101869
2 0.09749421 -0.3302812 1.032597
3 0.07971293 -0.3405359 0.9482893



20:13:04 7502432
rb: 0.1104886 -0.3499741 0.9024531
0 0.1200838 -0.3400601 1.111858
1 0.1302366 -0.3303766 1.134369
2 0.1058946 -0.3500341 1.064967
3 0.08825673 -0.3594389 0.9814216



20:13:04 8092597
rb: 0.1301208 -0.3654018 0.9198819
0 0.1420185 -0.3581892 1.129477
1 0.152449 -0.3487296 1.152005
2 0.1271517 -0.3676722 1.082723
3 0.1081624 -0.3756266 0.9997576



20:13:04 8540780
rb: 0.1504733 -0.3760341 0.9289582
0 0.1655916 -0.3714093 1.13834
1 0.1763658 -0.3620779 1.160706
2 0.1500371 -0.3805866 1.091718
3 0.1300381 -0.387099 1.007731



20:13:04 9169500
rb: 0.1919674 -0.3907311 0.9361646
0 0.2144284 -0.3884734 1.144615
1 0.2249075 -0.3785794 1.16766
2 0.197236 -0.3975583 1.098521
3 0.1741329 -0.403334 1.016439



20:13:04 9817450
rb: 0.2385374 -0.4009311 0.9335282
0 0.2694189 -0.3989191 1.14102
1 0.2805814 -0.3887314 1.164193
2 0.2497701 -0.4072649 1.096693
3 0.2238287 -0.4141151 1.014889



20:13:05 0414717
rb: 0.3020146 -0.4081334 0.9213546
0 0.3465595 -0.4062511 1.124872
1 0.3571568 -0.3949294 1.149175
2 0.3228228 -0.4143187 1.083698
3 0.2929095 -0.4217643 1.001638



20:13:05 1036115
rb: 0.3619944 -0.4119067 0.901989
0 0.419831 -0.4101985 1.100304
1 0.4306279 -0.3981905 1.125668
2 0.3924847 -0.4181087 1.062097
3 0.3578615 -0.4259181 0.9818752



20:13:05 1836120
rb: 0.4478678 -0.4132996 0.8575116
0 0.4507955 -0.4273412 0.9398066
1 0.4912595 -0.419578 1.015406
2 0.5341203 -0.3992776 1.075592



20:13:05 2917894
rb: 0.5517019 -0.4043709 0.7813608
0 0.5626879 -0.4176999 0.863533
1 0.6126581 -0.4091152 0.9357898



20:13:05 3850142
rb: 0.6240284 -0.3861912 0.7035794
0 0.6428101 -0.3975012 0.7848984
1 0.698326 -0.3863952 0.8521256
2 0.7324087 -0.3742737 0.8876714



20:13:05 4640494
rb: 0.6668125 -0.3700874 0.6350105
0 0.691931 -0.3802539 0.7155582
1 0.7492985 -0.3648591 0.7779813
2 0.791673 -0.354527 0.8102554



20:13:05 5612129
rb: 0.6994411 -0.3515547 0.5444853
0 0.7312341 -0.3613849 0.622835
1 0.7964286 -0.3457188 0.678864
2 0.8381286 -0.3340576 0.7079798



20:13:05 6502942
rb: 0.7006137 -0.3332015 0.4705619
0 0.7352621 -0.3434572 0.5467725
1 0.8451428 -0.3166748 0.6277304



20:13:05 7472990
rb: 0.6800134 -0.3162753 0.4217592
0 0.6452116 -0.3232281 0.4010638
1 0.6928121 -0.2919542 0.3925986
2 0.6875992 -0.3232769 0.4490398
3 0.7108077 -0.3232698 0.4915237
4 0.8202776 -0.2952674 0.5698285



20:13:05 8072439
rb: 0.653231 -0.3032104 0.3977362
0 0.6156988 -0.3105685 0.3805775
1 0.6630501 -0.2792972 0.3728601
2 0.6803324 -0.3098233 0.4718268
3 0.6575775 -0.3100823 0.4290053
4 0.7882332 -0.2823244 0.5515156



20:13:05 8863654
rb: 0.5901769 -0.2851664 0.3841061
0 0.6217948 -0.2938896 0.4625094
1 0.7277989 -0.2675267 0.5472651
2 0.7505213 -0.2547252 0.5548945
3 0.6885338 -0.2794294 0.5197001



20:13:05 9704580
rb: 0.5292264 -0.2760516 0.3919817
0 0.5574884 -0.2850486 0.4723959
1 0.6586983 -0.2573157 0.5604635
2 0.6208786 -0.2696951 0.5322943
3 0.6804001 -0.2459369 0.5713309



20:13:06 0419644
rb: 0.4739058 -0.2742756 0.4084369
0 0.4981761 -0.2836314 0.4894015
1 0.5959891 -0.2571155 0.5824543
2 0.5585289 -0.268471 0.5516989
3 0.6170097 -0.2462673 0.5944473



20:13:06 1089429
rb: 0.4264323 -0.277054 0.4268399
0 0.4477838 -0.286269 0.5081428
1 0.5418308 -0.2608905 0.6049342
2 0.505871 -0.272207 0.5731782
3 0.562003 -0.2505216 0.6179528



20:13:06 1827407
rb: 0.376913 -0.2821665 0.4503938
0 0.3960604 -0.2924189 0.5324258
1 0.4866175 -0.2671171 0.6319451
2 0.451651 -0.2782882 0.5983678
3 0.5070976 -0.2576469 0.6460081



20:13:06 2504844
rb: 0.3399726 -0.2867973 0.4716409
0 0.3569734 -0.2973711 0.5535895
1 0.4452856 -0.2724765 0.6552023
2 0.4109975 -0.2833008 0.62077
3 0.4652808 -0.263268 0.6698654



20:13:06 4008556
rb: 0.2361718 -0.2961095 0.5414734
0 0.2456207 -0.3075744 0.6246234
1 0.3242301 -0.283733 0.7340007
2 0.2931897 -0.2939468 0.6962098
3 0.3424107 -0.2744025 0.7507581



20:13:06 4839291
rb: 0.176816 -0.2983245 0.5766687
0 0.1809721 -0.3109435 0.660257
1 0.251707 -0.2886137 0.7752655
2 0.2235941 -0.2985156 0.7347224
3 0.2686048 -0.2792853 0.7933821



20:13:06 5567661
rb: 0.1318594 -0.2985046 0.5986801
0 0.1313895 -0.3117355 0.6821237
1 0.1949684 -0.2907604 0.8015909
2 0.1690543 -0.3001372 0.7597547
3 0.2107085 -0.2815843 0.8206974



20:13:06 6365814
rb: 0.08081172 -0.3015626 0.6127856
0 0.07423263 -0.3153986 0.696175
1 0.1301523 -0.2958777 0.8198448
2 0.107096 -0.3047968 0.7762608
3 0.1445187 -0.2869753 0.8400131



20:13:06 6966079
rb: 0.04852551 -0.3075344 0.6127666
0 0.03837141 -0.3224486 0.6957114
1 0.08787736 -0.3042933 0.82219
2 0.06687938 -0.3126658 0.7774973
3 0.1012523 -0.2956472 0.8431103



20:13:06 8277892
rb: -0.02391904 -0.3263285 0.5902543
0 -0.04400508 -0.34661 0.6706848
1 -0.01223162 -0.3325897 0.8030079
2 -0.02695592 -0.3396081 0.7556931
3 -0.002186116 -0.3244208 0.8260039



20:13:06 9248715
rb: -0.07654015 -0.3344518 0.5599566
0 -0.1031652 -0.3575689 0.6371487
1 -0.08242177 -0.349292 0.7726718
2 -0.09293418 -0.3544313 0.7240341
3 -0.0744438 -0.3421796 0.7965029



20:13:07 0121495
rb: -0.1287276 -0.3383524 0.5219474
0 -0.1618083 -0.362704 0.5962086
1 -0.1526842 -0.3583158 0.7330036
2 -0.1593035 -0.3619403 0.6835114
3 -0.1466012 -0.3520046 0.7581312



20:13:07 1039194
rb: -0.1750745 -0.3384557 0.481172
0 -0.2141338 -0.3637714 0.5521141
1 -0.2164407 -0.361651 0.6890367
2 -0.2190319 -0.3644083 0.6391547
3 -0.2129296 -0.3554935 0.7144707



20:13:07 2038125
rb: -0.2186327 -0.3324867 0.4369313
0 -0.2648992 -0.3596642 0.5022258
1 -0.2827843 -0.3609035 0.6373122
2 -0.2793512 -0.3625982 0.5875615
3 -0.2823183 -0.3553173 0.6631329



20:13:07 2953458
rb: -0.2466322 -0.3224821 0.3953335
0 -0.2960558 -0.3552322 0.454227
1 -0.3298039 -0.3595012 0.5859442
2 -0.3202454 -0.3603448 0.5372015
3 -0.3332569 -0.35408 0.6115997



20:13:07 3915008
rb: -0.2690986 -0.3037225 0.3528575
0 -0.3190046 -0.3410379 0.4087858
1 -0.3666124 -0.3436494 0.5366004
2 -0.3514673 -0.3456713 0.4890847
3 -0.3734007 -0.3376228 0.5613985



20:13:07 4682852
rb: -0.2881373 -0.2851377 0.3172402
0 -0.3399766 -0.3245014 0.3697055
1 -0.4023456 -0.3255606 0.490747
2 -0.3813749 -0.3283986 0.4459438
3 -0.4125957 -0.3191424 0.5141378



20:13:07 5784081
rb: -0.3074468 -0.270229 0.2734184
0 -0.3580025 -0.3156364 0.322929
1 -0.4435376 -0.3181849 0.4301388
2 -0.413453 -0.3208104 0.3906751
3 -0.4592283 -0.3120106 0.4504886



20:13:07 6515279
rb: -0.3209579 -0.2671293 0.24699
0 -0.2993103 -0.2749808 0.2163564
1 -0.3739589 -0.3151906 0.2905277
2 -0.3403501 -0.2922685 0.2626791
3 -0.4680978 -0.3226165 0.3904021
4 -0.4345751 -0.3234094 0.3535721
5 -0.4861631 -0.317297 0.408685
6 -0.3250403 -0.2348945 0.2508537



20:13:07 7285822
rb: -0.3235765 -0.2674624 0.2409955
0 -0.3042041 -0.2777497 0.1934315
1 -0.3799565 -0.3228542 0.2641459
2 -0.3463193 -0.297704 0.2379933
3 -0.4777381 -0.3377396 0.3593967
4 -0.4429359 -0.3356593 0.3239996
5 -0.4962645 -0.3339625 0.3775345
6 -0.3340633 -0.2394297 0.2270768



20:13:07 8115326
rb: -0.3235765 -0.2674624 0.2409955
0 -0.301778 -0.2847385 0.1748407
1 -0.3778769 -0.3332752 0.2431963
2 -0.344417 -0.3067501 0.2180883
3 -0.4767964 -0.3535476 0.3360972
4 -0.4414919 -0.3493797 0.3015723
5 -0.4957159 -0.3509189 0.3540727
6 -0.3334316 -0.2479365 0.2085819



20:13:07 8535992
rb: -0.3235765 -0.2674624 0.2409955
0 -0.3007966 -0.288084 0.1667547
1 -0.3775568 -0.3376507 0.2338396
2 -0.3439281 -0.3106949 0.2093328
3 -0.4775748 -0.3598946 0.3251412
4 -0.4414836 -0.3550777 0.2914973
5 -0.4967299 -0.3576528 0.3428571
6 -0.3334898 -0.2517403 0.2001401



20:13:07 9058150
rb: -0.3235765 -0.2674624 0.2409955
0 -0.3000398 -0.290952 0.1583407
1 -0.3780577 -0.3409648 0.2238897
2 -0.3440314 -0.3137875 0.2000682
3 -0.4800539 -0.3649534 0.3126739
4 -0.4432484 -0.3594514 0.2798921
5 -0.4996206 -0.3630498 0.3299483
6 -0.3335219 -0.2548171 0.1916026



20:13:07 9469733
rb: -0.3235765 -0.2674624 0.2409955
0 -0.2998015 -0.2932768 0.1520622
1 -0.3795927 -0.3430132 0.2161097
2 -0.3448519 -0.3159275 0.1929478
3 -0.4840169 -0.366778 0.3023112
4 -0.4462885 -0.3613001 0.270479
5 -0.5040407 -0.3648501 0.319111
6 -0.3338968 -0.2569863 0.1844903



20:13:07 9964271
rb: -0.3235765 -0.2674624 0.2409955
0 -0.2995679 -0.2958276 0.1458938
1 -0.3814579 -0.3451836 0.2080989
2 -0.3460541 -0.3182562 0.1855268
3 -0.4887724 -0.368604 0.2905837
4 -0.4501576 -0.3632668 0.2600234
5 -0.509393 -0.3665843 0.3067847
6 -0.3346882 -0.259352 0.1770984



20:13:08 0457004
rb: -0.3235765 -0.2674624 0.2409955
0 -0.2987099 -0.2993736 0.1409468
1 -0.3829103 -0.3477994 0.2011606
2 -0.3464936 -0.3212584 0.1799009
3 -0.4937892 -0.3699991 0.2797239
4 -0.4539691 -0.3650856 0.2506542
5 -0.5147378 -0.3677458 0.2951691
6 -0.3345504 -0.2624376 0.1712005



20:13:08 0893424
rb: -0.3235765 -0.2674624 0.2409955
0 -0.2977135 -0.3022961 0.1381882
1 -0.3837245 -0.3505218 0.1963195
2 -0.3466703 -0.3241027 0.1759158
3 -0.4971132 -0.3720782 0.2716214
4 -0.4564952 -0.3673958 0.243606
5 -0.5186372 -0.3696926 0.2863876
6 -0.3343219 -0.2653318 0.1675355



20:13:08 1406792
rb: -0.3235765 -0.2674624 0.2409955
0 -0.2979544 -0.3060294 0.1354717
1 -0.3859628 -0.3540094 0.1911221
2 -0.348195 -0.3276801 0.1718476
3 -0.5020799 -0.3752971 0.2626738
4 -0.4604013 -0.3706913 0.2362389
5 -0.5235769 -0.3728994 0.2770496
6 -0.3354702 -0.2689972 0.1639603



20:13:08 1898513
rb: -0.3235765 -0.2674624 0.2409955
0 -0.302221 -0.3090484 0.1333801
1 -0.3919988 -0.3572958 0.1861312
2 -0.3537775 -0.3308689 0.1680586
3 -0.5102175 -0.3792356 0.2541921
4 -0.4677144 -0.3743238 0.2290031
5 -0.5321462 -0.3769313 0.2679137
6 -0.3408108 -0.2721757 0.1609802



20:13:08 2290179
rb: -0.3235765 -0.2674624 0.2409955
0 -0.305718 -0.3095692 0.132808
1 -0.3962989 -0.3582884 0.1841675
2 -0.3577372 -0.3316228 0.1668536
3 -0.5162764 -0.3811861 0.2486913
4 -0.473129 -0.3758326 0.2249285
5 -0.5386403 -0.3790678 0.2617591
6 -0.344739 -0.2731254 0.160165



20:13:08 2779853
rb: -0.3235765 -0.2674624 0.2409955
0 -0.3027495 -0.3084081 0.1344219
1 -0.3933083 -0.3579496 0.1853501
2 -0.3548056 -0.3308706 0.1682712
3 -0.5134841 -0.3819026 0.249141
4 -0.470167 -0.3761775 0.225682
5 -0.5359145 -0.3800345 0.2620781
6 -0.3421621 -0.2722949 0.1617



20:13:08 3220918
rb: -0.3235765 -0.2674624 0.2409955
0 -0.2991929 -0.3066555 0.1370788
1 -0.3892052 -0.3570696 0.188056
2 -0.3511486 -0.329562 0.1707703
3 -0.5094982 -0.3819306 0.2516528
4 -0.4662846 -0.3759658 0.2279793
5 -0.5321411 -0.3802186 0.2642854
6 -0.3392495 -0.2708043 0.1639214



20:13:08 3691635
rb: -0.3235765 -0.2674624 0.2409955
0 -0.2962582 -0.3042659 0.1430708
1 -0.3851367 -0.3560575 0.1945493
2 -0.3476677 -0.3279247 0.1769875
3 -0.505171 -0.3824315 0.2581695
4 -0.4618735 -0.3757203 0.2347721
5 -0.5277955 -0.3809729 0.2709248
6 -0.3369427 -0.2689261 0.1698407



20:13:08 4182597
rb: -0.3235765 -0.2674624 0.2409955
0 -0.2917497 -0.3042968 0.1532256
1 -0.3805865 -0.3558078 0.2047366
2 -0.3432968 -0.3277799 0.1867058
3 -0.5011016 -0.3811295 0.2682499
4 -0.457836 -0.3750016 0.2446986
5 -0.5238881 -0.3794858 0.2807843
6 -0.3321514 -0.2686665 0.1799767



20:13:08 4643091
rb: -0.3235765 -0.2674624 0.2409955
0 -0.2848027 -0.3060547 0.164765
1 -0.3735197 -0.3568901 0.2170067
2 -0.3360766 -0.3291816 0.1986956
3 -0.4932489 -0.3809294 0.2823195
4 -0.450213 -0.3752411 0.2582271
5 -0.5158014 -0.3790325 0.2952331
6 -0.324393 -0.2701306 0.1920773



20:13:08 5113259
rb: -0.3235765 -0.2674624 0.2409955
0 -0.2725813 -0.3104282 0.1805138
1 -0.360024 -0.3612993 0.234531
2 -0.3227229 -0.333673 0.2159242
3 -0.4776929 -0.3852217 0.3034775
4 -0.4355143 -0.3796202 0.2779443
5 -0.5000902 -0.3832605 0.3170139
6 -0.3105913 -0.2746139 0.2100733



20:13:08 5623629
rb: -0.3235765 -0.2674624 0.2409955
0 -0.2586516 -0.3191525 0.1953703
1 -0.3456059 -0.3700815 0.2500515
2 -0.3082613 -0.3425212 0.2313098
3 -0.4620729 -0.3938689 0.3210284
4 -0.420406 -0.3883023 0.2947042
5 -0.4842799 -0.3918918 0.3350195
6 -0.2955195 -0.2834763 0.2263732



20:13:08 6038814
rb: -0.3235765 -0.2674624 0.2409955
0 -0.2481168 -0.3272311 0.2054168
1 -0.3349512 -0.3783951 0.2600612
2 -0.2975813 -0.3508028 0.2414108
3 -0.4507993 -0.4028329 0.3317173
4 -0.4093485 -0.3969304 0.3050556
5 -0.4729235 -0.400961 0.3459138
6 -0.2846565 -0.2918049 0.2370338



20:13:08 6584333
rb: -0.3235765 -0.2674624 0.2409955
0 -0.2344602 -0.3357817 0.2165219
1 -0.3214262 -0.386399 0.2713804
2 -0.2840466 -0.3591391 0.2524311
3 -0.436267 -0.4107107 0.3445092
4 -0.3955595 -0.4047582 0.3167607
5 -0.4581269 -0.4088662 0.359151
6 -0.2699649 -0.3002672 0.2492873



20:13:08 6984548
rb: -0.3235765 -0.2674624 0.2409955
0 -0.2272724 -0.3387215 0.2218789
1 -0.3141818 -0.3888879 0.2770371
2 -0.2768047 -0.3618802 0.2579913
3 -0.4283836 -0.4130731 0.3511437
4 -0.3878598 -0.4070593 0.3232148
5 -0.4500863 -0.411152 0.3660204
6 -0.2623416 -0.3030399 0.2549632



20:13:08 7454890
rb: -0.3235765 -0.2674624 0.2409955
0 -0.2174185 -0.3417111 0.2286352
1 -0.304112 -0.3912641 0.2845037
2 -0.2667312 -0.3644777 0.2652102
3 -0.4171664 -0.4150421 0.3603476
4 -0.377044 -0.4092748 0.3318725
5 -0.4387944 -0.4130875 0.3754044
6 -0.2518053 -0.3058782 0.262032



20:13:08 7905932
rb: -0.3235765 -0.2674624 0.2409955
0 -0.2095864 -0.3429369 0.2339252
1 -0.2955268 -0.3923396 0.2909153
2 -0.258404 -0.3656238 0.2709588
3 -0.4074593 -0.4157687 0.3682489
4 -0.3677061 -0.4101675 0.3395091
5 -0.4286807 -0.4138443 0.3840836
6 -0.2434243 -0.3070339 0.2679442



20:13:08 8378552
rb: -0.3235765 -0.2674624 0.2409955
0 -0.2005682 -0.3434015 0.2401388
1 -0.284721 -0.3930339 0.2994548
2 -0.2482295 -0.3662501 0.278618
3 -0.3946471 -0.4164941 0.3796006
4 -0.3556712 -0.4108698 0.3498354
5 -0.4154541 -0.4145846 0.3959498
6 -0.233422 -0.3075706 0.2752362



20:13:08 8856680
rb: -0.3235765 -0.2674624 0.2409955
0 -0.1907195 -0.3437927 0.2477462
1 -0.2723286 -0.3926303 0.3107094
2 -0.236589 -0.3661602 0.288244
3 -0.3784153 -0.414596 0.3961558
4 -0.3410894 -0.4095407 0.3642775
5 -0.3983496 -0.4124097 0.4135371
6 -0.2212316 -0.3076811 0.2841471



20:13:08 9317420
rb: -0.3235765 -0.2674624 0.2409955
0 -0.1811297 -0.3444953 0.2552116
1 -0.2609985 -0.3923554 0.3207947
2 -0.2257559 -0.3663466 0.2971301
3 -0.3634484 -0.4124842 0.4107991
4 -0.327324 -0.4080998 0.3771901
5 -0.3825434 -0.410001 0.4290406
6 -0.2095724 -0.3081285 0.2929558



20:13:08 9869004
rb: -0.3235765 -0.2674624 0.2409955
0 -0.1645171 -0.3443796 0.2674355
1 -0.2417322 -0.391733 0.3361253
2 -0.2073917 -0.3659249 0.3111538
3 -0.3393961 -0.4120268 0.431066
4 -0.3051478 -0.4076407 0.3957633
5 -0.3573346 -0.4095728 0.4503068
6 -0.191098 -0.3078336 0.305962



20:13:09 0267496
rb: -0.3235765 -0.2674624 0.2409955
0 -0.1507671 -0.3441918 0.2763496
1 -0.2258034 -0.3904408 0.3479223
2 -0.1919292 -0.3652324 0.3216431
3 -0.3190731 -0.4088496 0.4475271
4 -0.2863724 -0.4050916 0.4106404
5 -0.3360141 -0.4059942 0.4674352
6 -0.1748349 -0.3074138 0.315983



20:13:09 0767982
rb: -0.3235765 -0.2674624 0.2409955
0 -0.1340471 -0.3435753 0.2864355
1 -0.2070246 -0.3877493 0.3611385
2 -0.1737575 -0.3635385 0.3335854
3 -0.2958235 -0.4037439 0.465116
4 -0.2649384 -0.4008584 0.4265443
5 -0.3116564 -0.4004177 0.4858334
6 -0.1551887 -0.3062624 0.3271008



20:13:09 1208011
rb: -0.3235765 -0.2674624 0.2409955
0 -0.1212991 -0.3428704 0.2939746
1 -0.1920732 -0.3848243 0.3718621
2 -0.1594404 -0.3615848 0.3423783
3 -0.2763 -0.397476 0.479928
4 -0.2472626 -0.3956268 0.4399739
5 -0.2912071 -0.3934135 0.5012687
6 -0.1391331 -0.304968 0.3352759



20:13:09 1670162
rb: -0.3235765 -0.2674624 0.2409955
0 -0.10888 -0.3442524 0.3005612
1 -0.177884 -0.3818717 0.3820589
2 -0.1453743 -0.3608344 0.3508122
3 -0.2567382 -0.3876241 0.4947333
4 -0.2300797 -0.3880897 0.4531877
5 -0.2700902 -0.3823097 0.5168436
6 -0.1210612 -0.3058783 0.3428896



20:13:09 2220561
rb: -0.1177692 -0.3377013 0.3356022
0 -0.1000371 -0.346283 0.3040387
1 -0.1675844 -0.3790867 0.3888804
2 -0.1350262 -0.3605241 0.3560092
3 -0.2414172 -0.3774416 0.5049875
4 -0.2167965 -0.3804522 0.4621951
5 -0.2532777 -0.3708373 0.5276161
6 -0.1069608 -0.3075919 0.3466967



20:13:09 3691445
rb: -0.1020112 -0.3389717 0.3334974
0 -0.1536952 -0.3600791 0.3979839
1 -0.193476 -0.3227327 0.5240758
2 -0.1820783 -0.3382514 0.4785621
3 -0.1969221 -0.3102065 0.5470043



20:13:09 4640048
rb: -0.1105687 -0.329937 0.3192215
0 -0.1571047 -0.3382549 0.3914099
1 -0.1677773 -0.2825289 0.5169618
2 -0.1671576 -0.3041733 0.4720635
3 -0.1652788 -0.2672986 0.5382184



20:13:09 5449614
rb: -0.1204789 -0.3118582 0.3054897
0 -0.1636882 -0.3136282 0.3809533
1 -0.1621073 -0.2486025 0.5025355
2 -0.1661023 -0.2728702 0.4592974
3 -0.1569663 -0.2325109 0.522611



20:13:09 6040462
rb: -0.1243479 -0.2964869 0.3004988
0 -0.1667459 -0.2940107 0.3766172
1 -0.1632155 -0.2190565 0.4928614
2 -0.1679023 -0.2464588 0.4516746
3 -0.1576645 -0.2016017 0.5113739



20:13:09 6816153
rb: -0.133041 -0.2783548 0.2964403
0 -0.1753723 -0.2698962 0.3726878
1 -0.1697606 -0.1851594 0.4823297
2 -0.1749451 -0.2158658 0.4438811
3 -0.1635912 -0.1663002 0.4994552



20:13:09 7616769
rb: -0.1367673 -0.2722572 0.2953743
0 -0.1497409 -0.2748866 0.26571
1 -0.1890786 -0.2452745 0.3684472
2 -0.1662464 -0.2574559 0.3254689
3 -0.1907597 -0.1561334 0.4743795
4 -0.1935374 -0.1880405 0.4368775
5 -0.1858535 -0.1367287 0.491146
6 -0.1163013 -0.2383709 0.2932729



20:13:09 8218804
rb: -0.1446122 -0.2439491 0.2974822
0 -0.1886602 -0.2291589 0.3719068
1 -0.1842955 -0.1432202 0.4797122
2 -0.1891703 -0.173597 0.4414319
3 -0.1778229 -0.1247008 0.4970906



20:13:09 9639083
rb: -0.1247272 -0.2113499 0.3243822
0 -0.1613839 -0.1933758 0.401
1 -0.1356185 -0.1267147 0.5168885
2 -0.1485918 -0.1494391 0.475155
3 -0.1248225 -0.1125596 0.5361189



20:13:10 0449578
rb: -0.1164008 -0.1951314 0.3390562
0 -0.1496914 -0.1771385 0.4163839
1 -0.1156126 -0.1205593 0.535096
2 -0.1315585 -0.139393 0.4923961
3 -0.1032287 -0.1086421 0.5548176



20:13:10 1197434
rb: -0.1078244 -0.1756718 0.3470232
0 -0.1381125 -0.15948 0.4251096
1 -0.09963486 -0.1112219 0.5458382
2 -0.1171529 -0.1269196 0.5024796
3 -0.08639369 -0.1009304 0.5658992



20:13:10 1984913
rb: -0.09776592 -0.149621 0.3495284
0 -0.1253767 -0.1339083 0.4279967
1 -0.08348438 -0.09246302 0.549458
2 -0.1023189 -0.1057256 0.5058793
3 -0.06961185 -0.08342279 0.5696703



20:13:10 3530578
rb: -0.08055803 -0.08979999 0.3656604
0 -0.1066185 -0.06791337 0.4419965
1 -0.06282498 -0.02122563 0.560921
2 -0.08219559 -0.03622919 0.5181813
3 -0.04862203 -0.01142088 0.5805607



20:13:10 4630867
rb: -0.07459601 -0.05121873 0.3906651
0 -0.09996708 -0.02668698 0.4658704
1 -0.05874559 0.01153779 0.5868272
2 -0.07745383 0.00115698 0.5426094
3 -0.04437994 0.018617 0.6080731



20:13:10 5760931
rb: -0.08268461 -0.02997085 0.4178155
0 -0.108651 -0.006188111 0.4918491
1 -0.07053684 0.02036657 0.6154404
2 -0.08801865 0.01462742 0.5705472
3 -0.05667434 0.02440394 0.6376556



20:13:10 6822649
rb: -0.1018337 -0.02732762 0.4454143
0 -0.130176 -0.005265753 0.5195693
1 -0.09684596 0.02288589 0.6440204
2 -0.1126937 0.01665128 0.5986396
3 -0.08382669 0.02719535 0.6667029



20:13:10 7753835
rb: -0.1149169 -0.03575484 0.482825
0 -0.1454165 -0.01576921 0.5568189
1 -0.1162141 0.008149795 0.6834208
2 -0.130477 0.003346935 0.6373274
3 -0.1045038 0.01211928 0.7057881



20:13:10 8541606
rb: -0.1121774 -0.04140012 0.5074114
0 -0.1426323 -0.02197083 0.5813798
1 -0.1144651 -0.0001441537 0.7085583
2 -0.1283425 -0.004196276 0.6622789
3 -0.1027675 0.003298251 0.7309622



20:13:10 9361266
rb: -0.1065899 -0.04881825 0.5136196
0 -0.1362182 -0.03031435 0.5879804
1 -0.1060212 -0.01214287 0.7168307
2 -0.1210411 -0.01404514 0.6692561
3 -0.09478008 -0.008767704 0.7372189



20:13:11 0092490
rb: -0.1113048 -0.05526778 0.493484
0 -0.1401649 -0.03869127 0.568407
1 -0.1098225 -0.02471521 0.695685
2 -0.1244563 -0.02558136 0.6496257
3 -0.09780993 -0.0229781 0.7181602



20:13:11 0952559
rb: -0.1361467 -0.05610855 0.4505897
0 -0.166384 -0.04047912 0.5251047
1 -0.1366115 -0.02832577 0.6527044
2 -0.1510059 -0.02847175 0.6065137
3 -0.1245617 -0.02704622 0.6751698



20:13:11 1822670
rb: -0.179474 -0.05914306 0.396899
0 -0.2148964 -0.04364076 0.4691707
1 -0.193709 -0.03067426 0.5984006
2 -0.2049266 -0.03114951 0.5514596
3 -0.183064 -0.02912153 0.6222618



20:13:11 2612586
rb: -0.2188663 -0.07219313 0.3476849
0 -0.2590673 -0.05851999 0.4172627
1 -0.2473793 -0.04553838 0.547861
2 -0.255484 -0.04597559 0.5002296
3 -0.2372051 -0.04446907 0.5723334



20:13:11 3390489
rb: -0.2423262 -0.08215467 0.3113581
0 -0.2857723 -0.0693932 0.3796412
1 -0.2790971 -0.05676245 0.5103878
2 -0.2852578 -0.0574449 0.4625407
3 -0.2716547 -0.05454317 0.5351714



20:13:11 4158072
rb: -0.255071 -0.08399833 0.2848913
0 -0.3008946 -0.07064116 0.3516512
1 -0.2987696 -0.05424636 0.481843
2 -0.3037018 -0.05616586 0.4338641
3 -0.2913233 -0.05167098 0.5068344



20:13:11 4970984
rb: -0.2635248 -0.08646027 0.2637194
0 -0.3109712 -0.07360937 0.3294001
1 -0.3137631 -0.05405609 0.4583803
2 -0.3167467 -0.05716384 0.410959
3 -0.3069917 -0.0506027 0.4836721



20:13:11 5717541
rb: -0.2612908 -0.08875382 0.2514197
0 -0.310081 -0.07757153 0.3159555
1 -0.3141842 -0.05789123 0.4458838
2 -0.3162116 -0.0616774 0.3988036
3 -0.3079806 -0.05429081 0.4707344



20:13:11 6497938
rb: -0.2510597 -0.0802705 0.2520164
0 -0.3005356 -0.06854753 0.3161664
1 -0.3073592 -0.0462668 0.4452953
2 -0.3085345 -0.05108237 0.3982185
3 -0.3018906 -0.0419588 0.4703475



20:13:11 7302270
rb: -0.2344996 -0.06600834 0.270918
0 -0.2836987 -0.05234477 0.3350436
1 -0.2879626 -0.02737911 0.4648377
2 -0.2903084 -0.03273933 0.4167136
3 -0.2826274 -0.0222675 0.4891842



20:13:11 8062417
rb: -0.2175712 -0.06328832 0.3040906
0 -0.2652678 -0.04953439 0.3695557
1 -0.2673109 -0.02525654 0.4991123
2 -0.2706455 -0.03023224 0.4512878
3 -0.2608537 -0.02093722 0.5241631



20:13:11 8850568
rb: -0.1998062 -0.07438863 0.3517831
0 -0.2466632 -0.06202996 0.4183567
1 -0.2474395 -0.04238495 0.54932
2 -0.2509595 -0.04624392 0.5010741
3 -0.2408593 -0.03856522 0.5744085



20:13:11 9652800
rb: -0.1816844 -0.08843562 0.3998908
0 -0.2278655 -0.07796396 0.4674861
1 -0.2303585 -0.06038655 0.5999528
2 -0.2330271 -0.06480411 0.5511668
3 -0.2242334 -0.05584325 0.6251179



20:13:12 0431473
rb: -0.1484147 -0.1035167 0.4581759
0 -0.1930133 -0.09421548 0.5271576
1 -0.192881 -0.07558941 0.6614348
2 -0.1966092 -0.08159427 0.6116567
3 -0.1866782 -0.06943983 0.6856484



20:13:12 1201683
rb: -0.1107787 -0.1227636 0.5086675
0 -0.1531133 -0.1144309 0.5791546
1 -0.1480504 -0.09632988 0.7136431
2 -0.153374 -0.1029203 0.6644804
3 -0.1406325 -0.09015843 0.7381665



20:13:12 1968804
rb: -0.06849632 -0.1460482 0.5547461
0 -0.1074808 -0.1389073 0.6271154
1 -0.09630408 -0.1226559 0.7622958
2 -0.104143 -0.1285725 0.7126493
3 -0.08818205 -0.1164441 0.785913



20:13:12 2750227
rb: -0.0225312 -0.1692126 0.5923739
0 -0.05765323 -0.1625891 0.666948
1 -0.03972746 -0.1477636 0.8017477
2 -0.04996194 -0.153239 0.7524234
3 -0.0236223 -0.1442475 0.8285097



20:13:12 3555985
rb: 0.028372 -0.1921225 0.6211373
0 -0.002317815 -0.1858825 0.6975217
1 0.02292932 -0.172116 0.8306134
2 0.01018225 -0.1773272 0.7825353
3 0.03397201 -0.1668641 0.8531133



20:13:12 4355313
rb: 0.07530546 -0.2150158 0.6377829
0 0.04958409 -0.2094624 0.7148632
1 0.08095782 -0.1970917 0.8473474
2 0.06570756 -0.2016826 0.7999102
3 0.09401914 -0.1926498 0.8678285



20:13:12 5105900
rb: 0.1159823 -0.2362002 0.6454668
0 0.09335017 -0.2316261 0.7249221
1 0.1305703 -0.2211059 0.8560911
2 0.1132424 -0.2250267 0.8093293
3 0.1439416 -0.2166463 0.8773229



20:13:12 5954278
rb: 0.1577082 -0.2588548 0.6497743
0 0.1391258 -0.2553667 0.7301596
1 0.1829344 -0.2474367 0.8595471
2 0.1633483 -0.2505685 0.8135911
3 0.1975335 -0.2437214 0.8810627



20:13:12 6855252
rb: 0.2052501 -0.280089 0.6471189
0 0.1911285 -0.2781634 0.7276262
1 0.2422099 -0.2723204 0.8538017
2 0.2196927 -0.2746491 0.8097817
3 0.2574077 -0.268627 0.8761497



20:13:12 7795582
rb: 0.2566675 -0.2973354 0.6352271
0 0.2468673 -0.2949989 0.7178538
1 0.3060364 -0.2889558 0.8407373
2 0.2813928 -0.2915089 0.7972074
3 0.3229365 -0.2853421 0.8614894



20:13:12 8592088
rb: 0.307775 -0.3143682 0.6181187
0 0.3030131 -0.3126998 0.7005885
1 0.3696194 -0.3074607 0.8198028
2 0.342486 -0.3097786 0.7776852
3 0.387937 -0.3041399 0.8393206



20:13:12 9513199
rb: 0.3590466 -0.3295431 0.5824154
0 0.361892 -0.332019 0.6651865
1 0.4369032 -0.328248 0.779327
2 0.4067073 -0.3300259 0.7393355
3 0.4563343 -0.3244121 0.7969517



20:13:13 1103650
rb: 0.3938366 -0.3078547 0.4850637
0 0.4024938 -0.3133702 0.5676747
1 0.4867147 -0.311033 0.6759046
2 0.4534887 -0.3127867 0.6385012
3 0.5080452 -0.3077484 0.6919268



20:13:13 2314966
rb: 0.3669348 -0.2607197 0.4042878
0 0.376381 -0.2666207 0.4873095
1 0.4595878 -0.2625744 0.5951109
2 0.4264728 -0.2646732 0.5575851
3 0.4800783 -0.2586282 0.6116628



20:13:13 3396185
rb: 0.3269975 -0.2242398 0.324786
0 0.3367835 -0.2322116 0.4076105
1 0.420231 -0.2291928 0.5151654
2 0.3870142 -0.2310752 0.4777025
3 0.4408156 -0.225162 0.5314416



20:13:13 4357315
rb: 0.2872873 -0.1969947 0.2520824
0 0.2980516 -0.2062034 0.3344993
1 0.382433 -0.2026105 0.4413505
2 0.3489002 -0.204842 0.4042343
3 0.4032378 -0.1984879 0.4573405



20:13:13 5618651
rb: 0.2344068 -0.1589194 0.1621867
0 0.2474494 -0.1687456 0.2443969
1 0.333672 -0.1609703 0.3483191
2 0.299719 -0.164958 0.3122647
3 0.3547307 -0.1562263 0.3640001



20:13:13 6822008
rb: 0.1901537 -0.1181322 0.0796156
0 0.2066931 -0.1258339 0.1605557
1 0.2974002 -0.1116916 0.260758
2 0.2622087 -0.1184564 0.227164
3 0.3184973 -0.1051034 0.2748892



20:13:13 8113607
rb: 0.1463116 -0.08668366 -0.002394325
0 0.2630407 -0.06872148 0.1583862
1 0.2249151 -0.07674982 0.127131
2 0.2853804 -0.06168623 0.1709747
3 0.1466833 -0.08935791 0.02058492
4 0.1641673 -0.08717528 0.06562259



20:13:13 9184136
rb: 0.1463116 -0.08668366 -0.002394325
0 0.2470739 -0.01944304 0.0697362
1 0.2062634 -0.02859757 0.04203899
2 0.2698784 -0.01168668 0.08022247
3 0.0844304 -0.05153549 -0.1024494
4 0.119872 -0.04614703 -0.057124
5 0.1404602 -0.04093844 -0.01410204



20:13:13 9637518
rb: 0.1463116 -0.08668366 -0.002394325
0 0.2449968 0.001739498 0.0312726
1 0.2032094 -0.008131921 0.005672495
2 0.07627809 -0.03480053 -0.1329597
3 0.1132043 -0.02760906 -0.08925866
4 0.1353751 -0.02151316 -0.04744378
5 0.268075 0.01008219 0.0404799



20:13:14 0110390
rb: 0.1463116 -0.08668366 -0.002394325
0 0.2421284 0.02351405 -0.01485499
1 0.201915 0.009528426 -0.03272619
2 0.06591481 -0.01601668 -0.1700385
3 0.1295705 0.002522439 -0.09195983



20:13:14 0564936
rb: 0.1463116 -0.08668366 -0.002394325
0 0.2381352 0.04266718 -0.05287976
1 0.123019 0.01606311 -0.1208833
2 0.263353 0.05079158 -0.04522949
3 0.1947252 0.03184118 -0.07446581
4 0.1067182 0.004478134 -0.1545236



20:13:14 1056555
rb: 0.1463116 -0.08668366 -0.002394325
0 0.2300193 0.06084807 -0.0952703
1 0.1120833 0.03373486 -0.1583055
2 0.1867995 0.04945092 -0.1145215
3 0.04344374 0.01425403 -0.2341654



20:13:14 1514360
rb: 0.1463116 -0.08668366 -0.002394325
0 0.2193707 0.07732519 -0.1345538
1 0.09972034 0.05021787 -0.1937668
2 0.2450266 0.08626159 -0.129088
3 0.02932405 0.02850752 -0.2662402
4 0.1755132 0.06600824 -0.1524354



20:13:14 1974469
rb: 0.1463116 -0.08668366 -0.002394325
0 0.2113994 0.08929086 -0.1691651
1 0.1668401 0.07828027 -0.1856161



20:13:14 2435061
rb: 0.1463116 -0.08668366 -0.002394325
0 0.202559 0.1049416 -0.2127206



20:13:14 2906471
rb: 0.1463116 -0.08668366 -0.002394325
0 0.1960897 0.1204626 -0.2529615



20:13:14 3387210
rb: 0.1463116 -0.08668366 -0.002394325
0 0.1867425 0.1410354 -0.3021374
1 0.059786 0.1141452 -0.3402428



20:13:14 3856941
rb: 0.1463116 -0.08668366 -0.002394325
0 0.1759722 0.1638218 -0.3531798



20:13:14 4327258
rb: 0.1463116 -0.08668366 -0.002394325
0 0.1660155 0.1861362 -0.400022



20:13:14 4778376
rb: 0.1463116 -0.08668366 -0.002394325
0 0.1515077 0.2120534 -0.4547334



20:13:14 5248754
rb: 0.1463116 -0.08668366 -0.002394325
0 0.00704086 0.1947932 -0.515031
1 0.1354215 0.2351495 -0.5122598



20:13:14 5739403
rb: 0.1463116 -0.08668366 -0.002394325



20:13:14 6191460
rb: 0.1463116 -0.08668366 -0.002394325




20:13:15 1826457
rb: 0.1463116 -0.08668366 -0.002394325



20:13:15 2286951
rb: 0.1463116 -0.08668366 -0.002394325



20:13:15 2752121
rb: 0.1463116 -0.08668366 -0.002394325



20:13:15 3233476
rb: 0.1463116 -0.08668366 -0.002394325



20:13:15 3693836
rb: 0.1463116 -0.08668366 -0.002394325



20:13:15 4165287
rb: 0.1463116 -0.08668366 -0.002394325



20:13:15 4649193
rb: 0.1463116 -0.08668366 -0.002394325



20:13:15 5091479
rb: 0.1463116 -0.08668366 -0.002394325



20:13:15 5560985
rb: 0.1463116 -0.08668366 -0.002394325



20:13:15 6042653
rb: 0.1463116 -0.08668366 -0.002394325



20:13:16 4486252
rb: 0.1463116 -0.08668366 -0.002394325
0 0.3705552 0.1874254 -0.05733928



20:13:16 4949954
rb: 0.1463116 -0.08668366 -0.002394325
0 0.3779804 0.1747522 -0.0172629
1 0.3316673 0.1628244 -0.02889183



20:13:16 5410540
rb: 0.1463116 -0.08668366 -0.002394325
0 0.3847051 0.1638687 0.01471114
1 0.3375297 0.1529168 0.0009681284



20:13:16 5902477
rb: 0.1463116 -0.08668366 -0.002394325
0 0.2658443 0.128812 0.0004134178
1 0.3443577 0.1397221 0.03417075
2 0.3914231 0.1502239 0.04911706
3 0.415388 0.1600263 0.05347338



20:13:16 6352831
rb: 0.1463116 -0.08668366 -0.002394325
0 0.2716814 0.1153336 0.03166953
1 0.3492987 0.1248297 0.06741428
2 0.3948589 0.1349522 0.08273374
3 0.4199121 0.143976 0.08869445



20:13:16 6811524
rb: 0.1463116 -0.08668366 -0.002394325
0 0.352046 0.112622 0.093467
1 0.397338 0.1219224 0.1099799
2 0.4224095 0.1305299 0.1167341



20:13:16 7284139
rb: 0.1463116 -0.08668366 -0.002394325
0 0.3551612 0.100801 0.1196443
1 0.400158 0.1095843 0.1372474
2 0.4250404 0.1180136 0.1445039



20:13:16 7755390
rb: 0.1463116 -0.08668366 -0.002394325
0 0.3575872 0.09178045 0.1440306
1 0.402306 0.1003023 0.1627577
2 0.4270238 0.1086687 0.1705975



20:13:16 8243139
rb: 0.1463116 -0.08668366 -0.002394325
0 0.3600256 0.08340368 0.1664568
1 0.4043021 0.09160911 0.1861517
2 0.4288917 0.09979322 0.1945046



20:13:16 8696238
rb: 0.1463116 -0.08668366 -0.002394325
0 0.3653124 0.06812876 0.197147
1 0.4082697 0.07572965 0.2170086
2 0.4309039 0.08429986 0.2249554



20:13:16 9167596
rb: 0.1463116 -0.08668366 -0.002394325
0 0.3697492 0.04722431 0.2281184
1 0.4152469 0.05379301 0.2512267
2 0.436438 0.0632311 0.2591735



20:13:16 9648957
rb: 0.1463116 -0.08668366 -0.002394325
0 0.4233202 0.03602605 0.2819678
1 0.3744025 0.02755125 0.2571002
2 0.3050615 0.02294923 0.2102633



20:13:17 0105043
rb: 0.1463116 -0.08668366 -0.002394325
0 0.4254661 0.006719247 0.3197435
1 0.3799511 0.001016915 0.293087
2 0.3119869 -0.002289988 0.2441329
3 0.2843392 0.005401049 0.2062192
4 0.4456197 0.01594365 0.3295472



20:13:17 0566927
rb: 0.1463116 -0.08668366 -0.002394325
0 0.4287531 -0.01524192 0.3494612
1 0.3838396 -0.02057933 0.3218109
2 0.3168797 -0.02285162 0.2710783
3 0.2901137 -0.01442471 0.2326857
4 0.4486087 -0.006226137 0.3599134



20:13:17 1033734
rb: 0.282711 -0.01993753 0.2350965
0 0.431114 -0.03801956 0.383591
1 0.3870627 -0.04353856 0.3546436
2 0.3215905 -0.04545827 0.3017308
3 0.4505548 -0.02896125 0.3948866



20:13:17 2453279
rb: 0.282279 -0.06168089 0.3145745
0 0.4161113 -0.07724509 0.4779019
1 0.3772608 -0.08424723 0.4461957
2 0.3148622 -0.08719444 0.3863366
3 0.4366997 -0.06824501 0.491451



20:13:17 4014750
rb: 0.2381501 -0.08346467 0.4075089
0 0.345043 -0.09978236 0.5897932
1 0.3115161 -0.106147 0.5525023
2 0.2577483 -0.1079395 0.4836029
3 0.3645158 -0.09162173 0.6059002



20:13:17 4965719
rb: 0.2029855 -0.09680874 0.4579536
0 0.29114 -0.1136392 0.6493948
1 0.260989 -0.1192375 0.6092129
2 0.2149728 -0.1206844 0.53607
3 0.3089551 -0.1061667 0.6674817



20:13:17 6397283
rb: 0.1260624 -0.1334337 0.5271183
0 0.1751401 -0.1430878 0.7331086
1 0.1532257 -0.1503407 0.6886147
2 0.1218774 -0.1557517 0.6068814
3 0.1891423 -0.1348948 0.7538446



20:13:17 7818583
rb: -0.009840743 -0.177002 0.569626
0 -0.01456246 -0.1979496 0.7813038
1 -0.02523424 -0.2015117 0.7325288
2 -0.03500893 -0.2012477 0.6453652
3 -0.006491725 -0.1914108 0.8059313



20:13:17 9162921
rb: -0.1388269 -0.1692588 0.5682071
0 -0.1943685 -0.178584 0.7726407
1 -0.1931127 -0.1834715 0.7229518
2 -0.1824682 -0.1859841 0.6365025
3 -0.1911121 -0.1721953 0.7984864



20:13:18 0093250
rb: -0.1676443 -0.1511025 0.5511814
0 -0.2387699 -0.1507956 0.7517658
1 -0.2337298 -0.1574259 0.7025568
2 -0.2164738 -0.1635508 0.6172809
3 -0.2370229 -0.1438059 0.7772534



20:13:18 1707317
rb: -0.06795264 -0.1601315 0.5556962
0 -0.1162675 -0.1542926 0.7643882
1 -0.1159488 -0.161814 0.7143818
2 -0.1088509 -0.168718 0.6274353
3 -0.1107099 -0.1477562 0.7895103



20:13:18 3117368
rb: 0.06551946 -0.2463555 0.5896932
0 0.05464246 -0.2542053 0.8039919
1 0.04500967 -0.2561684 0.7536153
2 0.03686715 -0.2557262 0.6670694
3 0.06510427 -0.2500032 0.8271306



20:13:18 4359753
rb: 0.1462342 -0.3391763 0.62121
0 0.1622173 -0.3593019 0.8336601
1 0.1470052 -0.3587415 0.7849008
2 0.1274863 -0.3523261 0.7011991
3 0.1760506 -0.3572441 0.8566682



20:13:18 5573265
rb: 0.2077849 -0.4122433 0.652163
0 0.2487959 -0.4370145 0.8599429
1 0.2270683 -0.4347424 0.8142945
2 0.1980313 -0.4267497 0.7337745
3 0.2636268 -0.4347493 0.8826492



20:13:18 6714265
rb: 0.2370767 -0.4537147 0.6673273
0 0.2673622 -0.477104 0.8281983
1 0.2334113 -0.4687113 0.7483723



20:13:18 7626524
rb: 0.1949646 -0.4379759 0.6757139
0 0.2146401 -0.4588009 0.8390355
1 0.1859004 -0.450918 0.757524
2 0.2371294 -0.4605108 0.8835392
3 0.2530179 -0.4587742 0.9044356



20:13:18 8728861
rb: 0.1149173 -0.3675295 0.6909875
0 0.1199255 -0.3790694 0.8562757
1 0.0983025 -0.3754195 0.7722121
2 0.1379901 -0.3781924 0.90294
3 0.1517353 -0.3751489 0.9251876



20:13:18 9790261
rb: 0.01960542 -0.3078694 0.7219526
0 0.009485834 -0.3085561 0.8862855
1 -0.00347226 -0.3110439 0.8003415
2 0.02300668 -0.3062885 0.9334309
3 0.03367266 -0.3007472 0.9573328



20:13:19 0577715
rb: -0.0604889 -0.3045134 0.7462189
0 -0.08502214 -0.3081666 0.9097404
1 -0.09129427 -0.3093862 0.8236705
2 -0.07536039 -0.3066254 0.9576924
3 -0.06684597 -0.3012898 0.9825397



20:13:19 1572304
rb: -0.1686317 -0.3175605 0.7787457
0 -0.2162212 -0.3228602 0.9363481
1 -0.209066 -0.3231747 0.8507944
2 -0.2132767 -0.3217791 0.9849052
3 -0.2086106 -0.3166723 1.010891



20:13:19 2340579
rb: -0.2215376 -0.3477926 0.813466
0 -0.2770158 -0.3593687 0.9677371
1 -0.2662219 -0.3548515 0.8832027
2 -0.2778607 -0.3603203 1.017144
3 -0.2748932 -0.3563839 1.043734



20:13:19 3061626
rb: -0.2336411 -0.3829342 0.847638
0 -0.2888921 -0.3993931 1.001521
1 -0.2772697 -0.3933874 0.9163409
2 -0.2898311 -0.4014594 1.05101
3 -0.2869725 -0.3981314 1.077648



20:13:19 4008423
rb: -0.2188791 -0.43438 0.8972379
0 -0.2685999 -0.4553265 1.052611
1 -0.2600386 -0.4473286 0.9671376
2 -0.2675791 -0.4585375 1.101886
3 -0.2638509 -0.455694 1.128481



20:13:19 4946141
rb: -0.177018 -0.4664721 0.9290607
0 -0.2159434 -0.4896608 1.087368
1 -0.2133791 -0.4810954 1.001968
2 -0.2104364 -0.4934141 1.135369
3 -0.2060816 -0.48978 1.16282



20:13:19 5754547
rb: -0.1212054 -0.4857372 0.9428937
0 -0.1480238 -0.5087981 1.103847
1 -0.1519356 -0.5006728 1.018431
2 -0.1387355 -0.5123292 1.151371
3 -0.1324143 -0.5084825 1.17833



20:13:19 6705957
rb: -0.05931316 -0.523574 0.940212
0 -0.07154804 -0.5508144 1.102144
1 -0.08353343 -0.5407031 1.017742
2 -0.05887975 -0.5541803 1.15054
3 -0.04913505 -0.5508545 1.175382



20:13:19 7933033
rb: -0.01486957 -0.6189358 0.9187288
0 -0.01917123 -0.6655483 1.077013
1 -0.03528152 -0.6451333 0.9946818
2 -0.004335396 -0.6743834 1.123751
3 0.006575454 -0.6740625 1.147961



20:13:19 8702391
rb: 0.02275244 -0.6495133 0.8930424
0 0.02428251 -0.7035049 1.0496
1 0.005757655 -0.6795931 0.9685313
2 0.04012519 -0.7138843 1.096554
3 0.05189729 -0.7146744 1.120204



20:13:19 9623934
rb: 0.09108674 -0.6130198 0.8465168
0 0.1091005 -0.6600929 1.004325
1 0.08124871 -0.6403148 0.9245671
2 0.1298933 -0.6675615 1.049951
3 0.1439204 -0.6667547 1.072274



20:13:20 0424617
rb: 0.145423 -0.5263174 0.7966813
0 0.1745385 -0.5584288 0.956024
1 0.1418478 -0.5470201 0.8766525
2 0.1986268 -0.5614103 0.999851
3 0.2136718 -0.5581011 1.021364



20:13:20 1345277
rb: 0.1825035 -0.4121641 0.7229962
0 0.2209826 -0.42977 0.8830759
1 0.1838749 -0.4273205 0.8049958
2 0.2484505 -0.4283163 0.9250015
3 0.2640179 -0.4222988 0.9464216



20:13:20 2314335
rb: 0.1873313 -0.3121967 0.6464325
0 0.2282614 -0.320977 0.8066286
1 0.190095 -0.3229465 0.7280956
2 0.2546586 -0.315751 0.8493446
3 0.2706956 -0.3082844 0.8691542



20:13:20 3225783
rb: 0.1704451 -0.2400568 0.5832609
0 0.2073811 -0.2446717 0.7445619
1 0.1709368 -0.2495794 0.6658626
2 0.2323949 -0.2375878 0.788214
3 0.2478596 -0.2292892 0.8080704



20:13:20 4156717
rb: 0.1398006 -0.1813208 0.531576
0 0.1670353 -0.1832136 0.6948512
1 0.1356318 -0.1896865 0.614023
2 0.1892097 -0.1752471 0.739856
3 0.2033662 -0.1666071 0.7604669



20:13:20 4967540
rb: 0.1081862 -0.1288852 0.4806599
0 0.1213944 -0.1260459 0.6453324
1 0.09708295 -0.1343962 0.5621854
2 0.1396942 -0.1172308 0.6919004
3 0.1521197 -0.1083477 0.7134813



20:13:20 6511081
rb: 0.1154029 -0.02538592 0.3246698
0 0.114273 -0.01739342 0.4900676
1 0.09782579 -0.02889571 0.4054438
2 0.1288341 -0.006933191 0.5383906
3 0.1391942 0.002755261 0.5605273



20:13:20 7602867
rb: 0.1907906 0.05867514 0.1963837
0 0.1842242 0.0754149 0.3614668
1 0.170243 0.0583238 0.276533
2 0.1960144 0.08971677 0.4079715
3 0.2054382 0.1011247 0.4297916



20:13:20 8543792
rb: 0.2806306 0.1311809 0.1080685
0 0.2665201 0.15523 0.270238
1 0.2571514 0.1338211 0.1875537
2 0.2768183 0.1715698 0.3172603
3 0.2852163 0.1841503 0.3389268



20:13:20 9687907
rb: 0.3910376 0.2005362 -0.02456397
0 0.374248 0.2252876 0.1371744
1 0.366153 0.203416 0.0538791
2 0.38337 0.2422848 0.1841817
3 0.3912274 0.2549037 0.2059667



20:13:21 1250035
rb: 0.4830627 0.2784003 -0.2691119
0 0.4751746 0.3249024 -0.126614
1 0.4757741 0.265321 -0.3064753
2 0.4851056 0.3481032 -0.08257081
3 0.4761608 0.2818841 -0.2509288
4 0.4653826 0.2926158 -0.205586
5 0.4932429 0.363442 -0.06270701



20:13:21 2760629
rb: 0.4830627 0.2784003 -0.2691119
0 0.6355919 0.4585323 -0.3719401



20:13:21 3229550
rb: 0.4830627 0.2784003 -0.2691119
0 0.6919919 0.475172 -0.443451



20:13:21 3700036
rb: 0.4830627 0.2784003 -0.2691119
0 0.7626292 0.4949034 -0.5320436



20:13:21 4179759
rb: 0.4830627 0.2784003 -0.2691119



20:13:21 4630189
rb: 0.4830627 0.2784003 -0.2691119



20:13:21 5121121
rb: 0.4830627 0.2784003 -0.2691119



20:13:21 5572070
rb: 0.4830627 0.2784003 -0.2691119

